Year,Month,Date,Hour,Minute,WinerID,LoserID,Result,WinnerWin,Draw,LoserWin,Before_Winner,Before_Loser,Delta,After_Winner,After_Loser
2020,11,4,2,49,2001,2002,4,1,0,0,2000.00,2000.00,9.75,2009.75,1990.25
2020,11,4,2,49,2001,2002,4,2,0,0,2009.75,1990.25,9.53,2019.28,1980.72
2020,11,4,2,49,2002,2001,4,1,0,2,1980.72,2019.28,10.18,1990.90,2009.10
2020,11,4,2,49,2001,2002,1,3,0,1,2009.10,1990.90,7.34,2016.44,1983.56
2020,11,4,2,49,2002,2001,4,2,0,3,1983.56,2016.44,10.12,1993.68,2006.33
2020,11,4,2,50,2001,1002,6,1,0,0,2006.33,2010.48,11.30,2017.63,1999.17
2020,11,4,2,50,2001,1002,5,2,0,0,2017.63,1999.17,10.28,2027.91,1988.90
2020,11,4,2,50,2001,1002,3,3,0,0,2027.91,1988.90,8.60,2036.51,1980.30
2020,11,4,2,50,2001,1002,3,4,0,0,2036.51,1980.30,8.42,2044.92,1971.88
2020,11,4,2,50,2001,1002,6,5,0,0,2044.92,1971.88,10.31,2055.23,1961.58
2020,11,5,0,32,2001,5001,5,1,0,0,2055.23,1948.64,9.22,2064.45,1939.42
2020,11,5,0,37,2001,5001,4,2,0,0,2064.45,1939.42,8.36,2072.81,1931.07
2020,11,5,0,40,2001,5001,3,3,0,0,2072.81,1931.07,7.54,2080.35,1923.52
2020,11,5,0,44,2001,5001,3,4,0,0,2080.35,1923.52,7.39,2087.75,1916.13
2020,11,5,0,47,2001,5001,5,5,0,0,2087.75,1916.13,8.45,2096.20,1907.68
2020,11,6,2,22,2001,6001,5,1,0,0,2096.20,1946.09,8.70,2104.90,1937.38
2020,11,6,2,22,2001,6001,5,2,0,0,2104.90,1937.38,8.50,2113.40,1928.89
2020,11,6,2,22,2001,6001,5,3,0,0,2113.40,1928.89,8.30,2121.71,1920.58
2020,11,6,2,22,2001,6001,5,4,0,0,2121.71,1920.58,8.11,2129.82,1912.47
2020,11,6,2,22,2001,6001,4,5,0,0,2129.82,1912.47,7.36,2137.18,1905.11
2020,11,7,4,12,1001,2001,4,1,0,0,1961.23,2137.18,11.70,1972.93,2125.48
2020,11,7,4,16,2001,1001,5,1,0,1,2125.48,1972.93,8.67,2134.16,1964.26
2020,11,7,4,17,2001,1001,6,2,0,1,2134.16,1964.26,9.08,2143.24,1955.18
2020,11,7,4,18,2001,1001,5,3,0,1,2143.24,1955.18,8.26,2151.50,1946.92
2020,11,7,4,21,2001,1001,4,4,0,1,2151.50,1946.92,7.50,2158.99,1939.42
2020,11,8,3,29,2001,5002,3,1,0,0,2158.99,1924.30,6.63,2165.62,1917.68
2020,11,8,3,31,2001,5002,5,2,0,0,2165.62,1917.68,7.58,2173.20,1910.09
2020,11,8,3,35,2001,5002,3,3,0,0,2173.20,1910.09,6.35,2179.56,1903.74
2020,11,8,3,36,5002,2001,6,1,0,3,1903.74,2179.56,14.71,1918.45,2164.85
2020,11,8,3,38,2001,5002,5,4,0,1,2164.85,1918.45,7.60,2172.45,1910.85
2020,11,8,3,57,2001,3001,3,1,0,0,2172.45,2062.43,7.87,2180.32,2054.56
2020,11,8,4,1,2001,3001,6,2,0,0,2180.32,2054.56,9.63,2189.95,2044.93
2020,11,8,4,4,2001,3001,5,3,0,0,2189.95,2044.93,8.76,2198.72,2036.17
2020,11,8,4,7,2001,3001,4,4,0,0,2198.72,2036.17,7.95,2206.66,2028.22
2020,11,8,4,9,3001,2001,6,1,0,4,2028.22,2206.66,13.53,2041.75,2193.13
2020,11,14,16,12,2001,1002,5,6,0,0,2193.13,1991.29,8.10,2201.24,1983.19
2020,11,14,16,18,2001,1002,1,7,0,0,2201.24,1983.19,5.66,2206.90,1977.54
2020,11,14,16,25,2001,1002,1,8,0,0,2206.90,1977.54,5.56,2212.46,1971.97
2020,11,14,16,30,2001,1002,3,9,0,0,2212.46,1971.97,6.57,2219.03,1965.40
2020,11,14,16,34,2001,1002,5,10,0,0,2219.03,1965.40,7.52,2226.55,1957.88
2020,11,14,17,38,2001,6003,4,1,0,0,2226.55,1954.75,6.79,2233.35,1947.96
2020,11,14,17,41,2001,6003,6,2,0,0,2233.35,1947.96,7.68,2241.03,1940.28
2020,11,14,17,53,2001,6003,2,3,0,0,2241.03,1940.28,5.50,2246.53,1934.77
2020,11,14,17,59,2001,6003,5,4,0,0,2246.53,1934.77,6.89,2253.42,1927.89
2020,11,14,18,5,2001,6003,3,5,0,0,2253.42,1927.89,5.78,2259.20,1922.11
2020,11,14,18,29,2003,2001,2,1,0,0,2087.84,2259.20,9.86,2097.70,2249.34
2020,11,14,18,32,2003,2001,4,2,0,0,2097.70,2249.34,11.44,2109.14,2237.90
2020,11,14,18,34,2001,2003,5,1,0,2,2237.90,2109.14,8.95,2246.86,2100.18
2020,11,14,18,36,2001,2003,5,2,0,2,2246.86,2100.18,8.74,2255.60,2091.44
2020,11,14,18,37,2003,2001,6,3,0,2,2091.44,2255.60,13.35,2104.79,2242.25
2020,11,28,19,39,2002,2001,4,3,0,3,2141.90,2242.25,10.87,2152.77,2231.38
2020,11,28,19,44,2001,2002,1,4,0,3,2231.38,2152.77,6.82,2238.21,2145.94
2020,11,28,19,45,2001,2002,6,5,0,3,2238.21,2145.94,11.56,2249.77,2134.39
2020,11,28,19,53,2001,2002,1,6,0,3,2249.77,2134.39,6.51,2256.28,2127.88
2020,11,28,19,57,2001,2002,4,7,0,3,2256.28,2127.88,8.32,2264.60,2119.56
2020,11,28,20,0,2001,3001,6,5,0,1,2264.60,2106.29,10.72,2275.32,2095.57
2020,11,28,20,3,3001,2001,5,2,0,5,2095.57,2275.32,13.64,2109.21,2261.68
2020,11,28,20,7,3001,2001,3,3,0,5,2109.21,2261.68,10.56,2119.77,2251.11
2020,11,28,20,12,2001,3001,1,6,0,3,2251.11,2119.77,6.37,2257.49,2113.40
2020,11,28,20,15,3001,2001,5,4,0,6,2113.40,2257.49,13.23,2126.63,2244.26
2020,11,29,17,28,2001,4001,2,1,0,0,2244.26,2112.50,7.01,2251.27,2105.50
2020,11,29,17,28,2001,4001,6,2,0,0,2251.27,2105.50,10.88,2262.15,2094.62
2020,11,29,17,28,2001,4001,5,3,0,0,2262.15,2094.62,9.50,2271.65,2085.12
2020,11,29,17,28,2001,4001,4,4,0,0,2271.65,2085.12,7.69,2279.34,2077.43
2020,11,29,17,28,4001,2001,5,1,0,4,2077.43,2279.34,13.90,2091.33,2265.44
2020,11,29,17,33,2001,5003,3,1,0,0,2265.44,1850.08,5.00,2270.44,1845.08
2020,11,29,17,37,2001,5003,5,2,0,0,2270.44,1845.08,6.73,2277.18,1838.35
2020,11,29,17,38,2001,5003,6,3,0,0,2277.18,1838.35,7.51,2284.68,1830.85
2020,11,29,17,39,2001,5003,5,4,0,0,2284.68,1830.85,6.46,2291.15,1824.38
2020,11,29,17,42,2001,5003,5,5,0,0,2291.15,1824.38,6.34,2297.49,1818.04
2020,12,3,4,23,2001,1003,5,1,0,0,2297.49,1936.47,7.17,2304.66,1929.30
2020,12,3,4,23,2001,1003,2,2,0,0,2304.66,1929.30,5.09,2309.76,1924.21
2020,12,3,4,23,2001,1003,1,3,0,0,2309.76,1924.21,4.47,2314.23,1919.74
2020,12,3,4,25,2001,1003,6,4,0,0,2314.23,1919.74,7.67,2321.90,1912.07
2020,12,3,4,28,2001,1003,4,5,0,0,2321.90,1912.07,5.96,2327.86,1906.11
2020,12,5,14,21,2001,4002,4,1,0,0,2327.86,1979.45,6.54,2334.40,1972.91
2020,12,5,14,21,2001,4002,5,2,0,0,2334.40,1972.91,7.17,2341.57,1965.75
2020,12,5,14,21,2001,4002,5,3,0,0,2341.57,1965.75,7.02,2348.59,1958.73
2020,12,5,14,21,2001,4002,5,4,0,0,2348.59,1958.73,6.88,2355.47,1951.85
2020,12,5,14,21,2001,4002,6,5,0,0,2355.47,1951.85,7.57,2363.04,1944.28
2020,12,5,14,33,2001,5001,5,6,0,0,2363.04,1859.79,5.82,2368.86,1853.98
2020,12,5,14,33,2001,5001,5,7,0,0,2368.86,1853.98,5.72,2374.57,1848.26
2020,12,5,14,33,2001,5001,5,8,0,0,2374.57,1848.26,5.62,2380.19,1842.64
2020,12,5,14,33,2001,5001,4,9,0,0,2380.19,1842.64,4.88,2385.07,1837.76
2020,12,5,14,33,5001,2001,1,1,0,9,1837.76,2385.07,11.79,1849.55,2373.29
2020,12,6,14,39,2001,6002,5,1,0,0,2373.29,1798.44,5.21,2378.50,1793.22
2020,12,6,14,39,6002,2001,5,1,0,1,1793.22,2378.50,17.47,1810.69,2361.04
2020,12,6,14,39,2001,6002,6,2,0,1,2361.04,1810.69,6.14,2367.18,1804.55
2020,12,6,14,39,2001,6002,4,3,0,1,2367.18,1804.55,4.69,2371.87,1799.86
2020,12,6,14,39,2001,6002,6,4,0,1,2371.87,1799.86,5.95,2377.83,1793.90
2020,12,16,22,15,2001,1001,6,5,0,1,2377.83,1944.71,-7.26,2385.09,1937.45
2020,12,16,22,16,2001,1001,6,6,0,1,2385.09,1937.45,-7.12,2392.21,1930.33
2020,12,16,22,17,2001,1001,6,7,0,1,2392.21,1930.33,-6.97,2399.18,1923.36
2020,12,16,22,19,2001,1001,5,8,0,1,2399.18,1923.36,-6.06,2405.24,1917.30
2020,12,16,22,21,1001,2001,5,2,0,8,1917.30,2405.24,-16.65,1933.94,2388.60
2020,12,17,2,15,3002,2001,2,1,0,0,2099.53,2388.60,-11.10,2110.62,2377.50
2020,12,17,2,20,2001,3002,1,1,0,1,2377.50,2110.62,-5.37,2382.86,2105.26
2020,12,17,2,22,2001,3002,5,2,0,1,2382.86,2105.26,-8.05,2390.92,2097.20
2020,12,17,2,26,2001,3002,4,3,0,1,2390.92,2097.20,-7.07,2397.99,2090.13
2020,12,17,2,28,3002,2001,5,2,0,3,2090.13,2397.99,-14.87,2105.00,2383.12
2020,12,19,23,12,2001,5002,3,5,0,1,2383.12,2027.02,-5.80,2388.92,2021.22
2020,12,19,23,12,2001,5002,6,6,0,1,2388.92,2021.22,-7.95,2396.87,2013.26
2020,12,19,23,12,2001,5002,3,7,0,1,2396.87,2013.26,-5.56,2402.44,2007.70
2020,12,19,23,12,2001,5002,1,8,0,1,2402.44,2007.70,-4.41,2406.85,2003.29
2020,12,19,23,12,2001,5002,3,9,0,1,2406.85,2003.29,-5.40,2412.24,1997.90
